1
2
3
4
5
6
7
8
9
10
11
12
13
15
16
17
18
19
20
21
22
23
24
25
26
27
50
56
59
70
98
99
104
106
129
140
141
150
191
200
216
255
300
301
302
325
326
327
354
400
524
534
567
770
771
823
848
849
854
1013
1024
1034
1040
1042
1102
1116
1149
1511
2002
2003
2004
2005
2006
2008
2100
2102
3001
3002
3007
3033
4100
4103
4104
4616
4624
4625
4634
4647
4648
4649
4656
4661
4662
4663
4672
4673
4674
4688
4689
4692
4697
4698
4699
4702
4706
4719
4720
4723
4724
4728
4729
4732
4738
4741
4742
4743
4765
4768
4769
4771
4776
4778
4779
4781
4794
4800
4825
4904
4905
5001
5010
5012
5038
5136
5140
5142
5145
5156
5379
5805
5857
5859
5860
5861
6004
6005
6006
6008
6038
6281
6416
7023
7031
7034
7036
7040
7045
11724
15457
16403
20001
28115
30803
30804
30806
31010
33205
